"0.01" "0.02" "0.03" "0.04" "0.05" "0.06" "0.07"
"1" 0.2465 0.1559 0.8368 0.3878 0.2755 1.0162 0.2525
"2" 0.4762 0.7485 0.0923 0.5855 0.8491 1.3017 0.5894
"3" 0.7971 0.5203 0.4958 0.0445 1.2721 0.4832 1.2109
"4" 1.1355 1.8142 0.1406 0.5419 0.8913 0.2978 0.8808
"5" 0.5139 0.5192 0.5604 0.6304 0.2007 1.7024 0.4646
"6" 1.3943 0.1426 0.7203 0.1448 1.8639 1.4981 1.6054
"7" 1.3279 0.3808 0.2012 1.3656 0.3435 0.4487 0.806
"8" 1.7133 0.9208 1.3534 0.8379 1.1426 0.9665 2.1174
"9" 1.7128 0.1973 0.3898 0.031 0.819 1.736 1.3975
"10" 0.7345 1.4765 0.2501 0.9132 1.9217 0.2931 1.0162
"11" 0.1149 0.3542 0.0677 0.6329 1.935 1.0751 1.1415
"12" 2.0385 0.4939 0.0361 0.1222 0.1693 1.5277 1.0184
"13" 1.5065 1.0931 0.3631 0.6813 1.2631 0.3835 1.1941
"14" 1.6762 0.5364 0.9046 0.9167 0.5248 1.096 0.6826
"15" 1.1206 0.3142 0.5434 1.1416 1.5531 1.0803 0.3509
"16" 0.1529 0.5899 0.3888 0.0774 1.4307 0.7746 2.2478
"17" 0.6323 0.8099 0.7712 0.8181 0.9577 0.6614 1.1474
"18" 1.3154 0.4745 0.9131 1.3424 0.361 1.3126 1.2997
"19" 0.5246 0.4089 0.2897 0.474 1.6527 0.7764 0.9152
"20" 1.0219 0.9528 1.4118 1.6121 0.2401 0.707 1.0098
"21" 1.0408 0.9142 0.2917 0.9809 1.6949 0.2488 0.8756
"22" 0.7745 0.8324 0.4228 0.3874 0.3201 0.7308 0.73
"23" 1.0229 0.3212 0.3103 1.7688 0.9075 0.5213 0.8749
"24" 0.302 0.6635 1.1957 0.67 0.7788 0.9649 1.7385
"25" 0.9965 0.4861 0.6838 0.2141 0.7342 0.6696 1.4929
"26" 0.0206 0.6025 0.6279 0.6664 1.6565 0.3496 2.8114
"27" 1.1045 0.8748 0.6891 0.8841 0.8226 0.2604 0.6149
"28" 0.8135 0.2039 0.5464 0.2981 0.9223 0.6209 1.3866
"29" 1.549 0.1631 0.887 0.7252 0.3183 0.0959 0.1423
"30" 0.5781 0.8881 1.3385 0.2562 0.7213 0.8509 1.3044
"31" 0.3857 0.2207 0.5271 1.0692 2.0494 0.8394 1.2327
"32" 0.8638 0.7295 0.0871 0.83 0.6852 1.3345 1.0234
"33" 0.6437 0.9883 0.6921 0.9355 0.5668 0.553 0.7845
"34" 0.8807 2.0793 0.3766 0.6911 1.0862 0.5647 0.6617
"35" 0.7379 0.8073 0.4841 1.1128 0.4721 0.0852 0.1728
"36" 1.1079 0.2841 0.6012 0.1485 0.1195 0.7713 0.641
"37" 1.2766 1.0997 0.1431 0.0013 0.0874 1.3469 1.1301
"38" 2.1033 0.3614 0.2463 0.4079 1.4331 1.3483 2.1155
"39" 0.9512 0.6788 0.1079 0.4503 0.5239 0.907 0.7554
"40" 0.3864 0.8619 0.5328 0.2521 0.7632 0.5813 1.0083
"41" 0.1743 0.2866 0.107 1.1991 1.529 0.4365 1.3689
"42" 0.6354 0.6223 1.5913 0.5596 0.2172 0.7172 0.5801
"43" 0.7908 0.5921 0.0198 0.5035 1.578 0.5604 0.2988
"44" 0.1931 0.3109 0.2135 0.5227 0.7906 1.1034 1.2693
"45" 0.454 0.2403 0.2657 0.5123 0.5063 1.0134 0.8452
"46" 0.8786 0.2615 0.0633 1.1582 0.1429 0.3115 1.0751
"47" 1.5422 0.8355 0.3676 1.03 0.3292 0.8434 1.0312
"48" 0.5421 1.0758 0.6127 1.059 0.0543 0.8763 1.4131
"49" 1.4111 0.1399 1.026 0.9463 0.1683 0.385 2.0609
"50" 0.558 0.8119 1.2929 0.1134 1.1188 0.8643 1.1282
"51" 0.451 0.9096 0.3577 1.1723 0.8928 0.2904 0.4875
"52" 0.627 0.3288 0.4492 0.4729 0.8785 0.7703 1.2987
"53" 0.8298 0.2525 1.2487 1.0921 1.285 0.7028 2.0712
"54" 1.142 1.0046 0.3659 0.8626 1.2545 1.6797 1.0937
"55" 1.0342 0.7869 0.0929 0.2329 2.1149 0.3472 1.0989
"56" 0.8538 0.4857 0.1458 0.416 0.3757 1.252 1.1317
"57" 0.1798 0.7548 0.2685 0.0662 0.4332 1.4295 0.3708
"58" 1.0774 0.4312 1.0561 0.484 0.3568 0.5189 0.2324
"59" 0.9042 0.4273 0.4124 0.5921 1.7051 0.7359 0.9125
"60" 0.4868 0.3996 1.4858 0.9091 0.6791 0.2447 1.1017
"61" 0.5035 0.1989 0.3346 0.5243 0.3611 0.52 0.7807
"62" 1.0306 0.5825 0.4552 0.4973 1.1702 0.491 0.3144
"63" 0.8155 0.5992 2.1365 2.1036 0.5429 0.5312 1.0581
"64" 0.8102 2.27 0.5161 1.3424 0.331 0.6129 0.962
"65" 2.1694 0.5493 0.2329 0.3736 0.8754 1.6562 0.5645
"66" 0.9091 0.26 0.6968 0.9825 1.2999 0.7028 0.7277
"67" 0.5387 0.2272 0.0333 0.8457 0.6978 1.5508 1.4193
"68" 1.3222 0.1414 0.1796 0.1972 0.5816 1.0609 0.7825
"69" 0.8484 0.2249 0.1472 0.3511 0.1415 0.1637 1.168
"70" 0.3634 0.162 0.5608 0.1862 0.7106 1.3313 1.4319
"71" 0.5904 0.6122 0.8268 0.3458 0.734 0.9483 2.3735
"72" 0.3893 0.6852 0.2817 0.1692 0.0348 0.7572 0.5539
"73" 0.9746 1.5086 0.9143 0.4246 0.4468 1.3223 2.0251
"74" 3.441 0.9419 0.1558 0.5816 1.9789 1.6713 2.0211
"75" 2.3471 1.5999 1.2394 0.6481 0.8319 1.064 1.0999
"76" 2.066 0.7115 1.6332 0.0146 0.651 1.0025 1.1555
"77" 0.5379 1.15 0.5737 0.0125 0 1.7776 1.0955
"78" 0.6828 0.4503 1.2392 0.4326 0.7295 0.809 0.6925
"79" 1.1684 0.909 0.3095 1.0752 0.2963 0.938 1.5822
"80" 0.3918 0.1148 0.2518 1.138 0.6666 1.1913 0.7786
"81" 0.3174 0.1907 0.7947 0.5405 0.9222 0.9656 1.2383
"82" 0.1072 0.0784 0.004 0.2335 0.6054 0.8833 0.6328
"83" 0.9645 0.6036 0.3177 0.2174 0.0921 0.1123 0.9439
"84" 1.2112 0.367 0.3803 0.2022 0.4635 1.4971 1.333
"85" 1.3849 0.4478 0.6753 0.3263 0.9654 1.4862 2.298
"86" 0.6634 0.5436 0.3842 1.7805 1.215 0.7165 2.2626
"87" 0.4925 0.6545 0.5571 0.6267 0.5606 0.9675 0.8807
"88" 0.3453 1.8326 0.3192 0.5365 0.2441 0.7899 0.2396
"89" 0.6893 0.583 0.6 0.7282 0.8941 0.6719 0.6763
"90" 0.4494 0.0725 0.5513 2.7752 0.5255 0.2644 0.892
"91" 0.508 0.2493 0.8136 0.7463 0.4593 0.8208 1.093
"92" 1.8373 0.2293 0.0209 0.4844 0.1541 0.5311 0.5523
"93" 0.3442 0.5759 1.1374 0.3096 0.7599 1.5844 0.9843
"94" 0.5596 0.4249 0.1061 0.2997 0.5147 1.0602 1.2883
"95" 2.5434 1.2551 0.3692 0.3508 1.2584 0.607 1.4148
"96" 1.838 0.5163 0.0635 0.7963 0.1183 1.0808 0.4548
"97" 0.2688 1.0618 0.3911 0.2676 0.2018 1.0608 2.1004
"98" 0.4281 1.1921 0.232 0.0161 1.2533 0.9139 0.8887
"99" 0.4339 0.2421 1.4685 0.5618 0.3066 0.9025 1.1487
"100" 0.9349 1.3049 0.0914 0.1391 1.3547 1.1781 1.7486
